layer_0: 0.01529693603515625
layer_1: 0.031097412109375
layer_2: 0.035888671875
layer_3: 0.046966552734375
layer_4: 0.07373046875
layer_5: 0.09967041015625
layer_6: 0.11962890625
layer_7: 0.109619140625
layer_8: 0.127197265625
layer_9: 0.136962890625
layer_10: 0.136962890625
layer_11: 0.138671875
layer_12: 0.1439208984375
layer_13: 0.1605224609375
layer_14: 0.14794921875
layer_15: 0.14794921875
layer_16: 0.1522216796875
layer_17: 0.1485595703125
layer_18: 0.144775390625
layer_19: 0.1456298828125
layer_20: 0.1533203125
layer_21: 0.1568603515625
layer_22: 0.1610107421875
layer_23: 0.1605224609375
layer_24: 0.163818359375
layer_25: 0.1702880859375
layer_26: 0.1815185546875
layer_27: 0.1893310546875
layer_28: 0.1937255859375
layer_29: 0.207763671875
layer_30: 0.2103271484375
layer_31: 0.1885986328125
