layer_0: 0.015380859375
layer_1: 0.0308380126953125
layer_2: 0.035614013671875
layer_3: 0.04693603515625
layer_4: 0.07342529296875
layer_5: 0.09930419921875
layer_6: 0.12030029296875
layer_7: 0.1092529296875
layer_8: 0.128173828125
layer_9: 0.1361083984375
layer_10: 0.1370849609375
layer_11: 0.1397705078125
layer_12: 0.143310546875
layer_13: 0.1605224609375
layer_14: 0.1480712890625
layer_15: 0.14794921875
layer_16: 0.1524658203125
layer_17: 0.147705078125
layer_18: 0.14453125
layer_19: 0.1461181640625
layer_20: 0.153564453125
layer_21: 0.1585693359375
layer_22: 0.161865234375
layer_23: 0.1617431640625
layer_24: 0.1658935546875
layer_25: 0.171630859375
layer_26: 0.1839599609375
layer_27: 0.1917724609375
layer_28: 0.1954345703125
layer_29: 0.2093505859375
layer_30: 0.2117919921875
layer_31: 0.18994140625
